10000
57
150
235
302
395
536
914
1031
1112
1180
1217
1366
1387
1403
1436
1503
1721
1794
1805
1813
1981
2271
2276
2289
2323
2580
2708
2843
2913
2970
3089
3160
3250
3422
3539
3579
3788
3932
3975
3983
4051
4059
4221
4415
4633
4706
4801
4969
5010
5013
5017
5124
5239
5345
5481
5588
5602
5645
5682
5743
5840
6327
6497
6590
6675
6751
6754
6779
6788
6805
6830
6889
6953
6956
7187
7257
7418
7426
7552
7615
7675
7778
7839
7917
7985
8199
8441
8602
8761
8870
8872
8899
8929
9141
9381
9453
9552
9694
9738
9753
9881
9897
9904
10286
10294
10326
10335
10342
10413
10524
10533
10740
10978
11133
11214
11325
11372
11419
11527
11643
11735
11924
12090
12166
12182
12183
12473
12542
12660
12745
12923
12929
12983
13012
13013
13046
13081
13124
13172
13429
13465
13528
13545
13557
13668
13766
13862
13935
14177
14205
14385
14421
14477
14581
14944
14970
15211
15229
15235
15253
15363
15389
15414
15450
15474
15522
15562
15591
15674
15917
15997
15998
16184
16244
16464
16496
16802
16846
16896
16959
17032
17050
17213
17258
17345
17824
18308
18400
18501
18511
18572
18657
19119
19431
19448
19581
19626
19754
19788
19909
20089
20165
20272
20370
20423
20578
20734
20739
20758
21053
21160
21208
21230
21236
21341
21362
21384
21401
21629
21662
21767
21987
22051
22134
22299
22345
22508
22560
22809
22902
22925
22941
22986
23247
23383
23411
23416
23420
23492
23534
23544
23575
23581
23587
23606
23696
23850
23865
23878
23887
24083
24123
24252
24334
24345
24404
24460
24558
24594
24650
24651
24722
24725
24842
25655
25690
25953
25981
26081
26170
26210
26254
26265
26304
26358
26416
26419
26422
26463
26556
27020
27338
27436
27488
27523
27837
27951
28006
28103
28244
28274
28490
28833
29339
29340
29444
29455
29484
29712
29771
29960
29972
29994
30499
30570
30653
30662
30771
30920
30924
30940
30995
31046
31100
31133
31327
31372
31385
31398
31441
31523
31761
31993
32002
32041
32295
32303
32322
32352
32426
32538
32606
32691
32876
33034
33100
33149
33241
33350
33625
33776
33807
33863
33888
33971
33983
33996
34130
34348
34431
34474
34593
34837
35012
35042
35104
35105
35152
35285
35331
35384
35569
35624
35795
35819
35825
35895
35914
36032
36270
36322
36323
36337
36521
36570
36599
36639
36886
36986
37053
37162
37295
37454
37471
37503
37601
37650
37694
37761
37791
37859
37915
37938
37944
37988
37995
38514
38753
38787
38883
38948
38972
39039
39054
39119
39135
39304
39414
39466
39585
40170
40241
40297
40298
40409
40410
40508
40581
40822
40895
40911
40951
41198
41385
41639
41976
41979
42564
43041
43161
43205
43387
43442
43527
43550
44078
44086
44095
44138
44522
44548
44599
44826
44836
44861
44869
44884
44902
44959
45002
45066
45068
45189
45300
45330
45344
45530
45941
46087
46136
46174
46219
46437
46524
46569
46591
46617
47086
47254
47272
47385
47429
47463
47795
47878
47923
47948
47998
48049
48353
48690
48722
48958
49202
49220
49264
49764
49782
49882
49897
49899
49910
49941
50209
50224
50416
50529
50584
50692
50866
50961
51291
51332
51551
51668
51777
51876
51936
52143
52196
52282
52306
52365
52507
52758
53014
53106
53199
53252
53319
53332
53520
53525
53577
53600
53624
53814
53914
54040
54042
54237
54395
54435
54568
55015
55081
55090
55145
55158
55372
55477
55770
55781
55818
55880
55894
55969
56015
56072
56120
56176
56452
56568
56911
56985
57023
57123
57392
57473
57541
57704
57816
57828
57992
58138
58440
58454
58478
58543
58848
59013
59280
59293
59356
59485
59618
59630
59803
59813
60129
60208
60254
60279
60367
60371
60438
60494
60706
60768
60809
60859
61159
61266
61295
61514
61574
61648
61729
61741
61818
61822
61869
62038
62146
62343
62453
62481
62691
62799
62805
62876
63131
63242
63292
63621
63716
63721
63933
64027
64215
64220
64267
64289
64303
64472
64689
64717
64789
64854
64959
65101
65252
65337
65391
65639
65745
65827
65998
66149
66217
66236
66305
66394
66409
66441
66474
66579
66581
66735
66819
66939
67076
67078
67144
67347
67411
67417
67429
67450
67454
67531
67608
67616
67753
67825
68019
68036
68085
68094
68332
68625
69154
69296
69519
69570
70023
70301
70411
70523
70528
70655
70660
70676
70821
70915
70934
70939
70949
71036
71131
71287
71319
71388
71390
71648
71757
71789
71899
72132
72201
72281
72298
72396
72484
72765
72811
72874
72880
72921
73105
73108
73125
73230
73350
73421
73620
73728
73854
73867
73935
73998
74037
74106
74122
74279
74315
74492
74501
74552
74652
74829
74909
75203
75265
75345
75380
75692
75771
75891
75997
76249
76253
76472
76524
76631
76736
76783
76864
76940
76977
77213
77289
77291
77294
77330
77356
77361
77463
77468
77476
77530
77769
77794
78092
78121
78128
78228
78349
78463
78467
78592
78746
78802
79005
79028
79095
79161
79535
79552
79573
79595
79721
79828
79883
80190
80337
80604
80675
80678
80877
80982
80991
81042
81142
81153
81187
81220
81322
81340
81369
81558
81633
81680
81707
81829
81963
82023
82207
82497
82700
82801
82860
83078
83135
83188
83286
83293
83469
83530
83688
83763
83764
83922
83987
84092
84100
84125
84276
84379
84532
84604
84653
84700
84745
84880
84959
85202
85249
85392
85480
85514
85632
86187
86227
86291
86338
86480
86488
86540
86773
86975
87014
87129
87201
87212
87262
87342
87511
87703
87840
87939
88094
88179
88321
88470
88569
88605
88886
88928
88971
89031
89087
89159
89292
89297
89311
89532
89728
89744
89834
89951
90001
90005
90018
90101
90169
90234
90250
90284
90657
90703
90781
90799
90927
91037
91088
91107
91271
91287
91288
91371
91614
91743
91802
91812
91889
92052
92269
92423
92832
92860
92922
93125
93300
93388
93461
93491
93534
93547
93708
93943
94067
94097
94233
94263
94283
94284
94289
94322
94464
94583
94623
94639
94701
94743
94754
94893
94916
94954
94980
95183
95337
95467
95514
95546
95693
95730
95985
96287
96346
96366
96393
96548
96592
96691
96838
96844
96869
96979
97137
97357
97576
97608
97718
98010
98460
98469
98588
98626
98669
98720
99148
99419
99678
99807
99830
100002
100233
100265
100280
100412
100575
100718
100824
100848
100908
101099
101167
101206
101254
101284
101494
101567
101735
101769
101900
101963
102075
102115
102289
102294
102391
102449
102474
102545
102568
102578
102835
102943
103109
103350
103389
103426
103453
103893
104006
104125
104164
104179
104206
104267
104407
104482
104518
104809
104875
104888
105372
105395
105447
105456
105457
105504
105520
105576
105704
105816
105897
105975
106142
106388
106463
106465
106539
106540
106558
106602
106643
106649
106861
106991
107200
107421
107452
107558
107569
107604
107607
107668
107796
107811
107926
107935
107993
108206
108209
108248
108254
108332
108359
108404
108801
108821
108861
108898
108950
109093
109118
109248
109276
109297
109419
109479
109525
109526
109612
109649
109702
109759
109764
109893
109964
109996
110345
110414
110551
110556
110740
110784
111038
111091
111191
111205
111325
111398
111429
111517
111572
111604
111721
111752
112054
112075
112123
112229
112266
112513
112589
112661
112813
112819
112899
113081
113140
113246
113521
113614
113927
113938
114122
114375
114463
114568
114735
114747
114842
114915
114979
115124
115192
115215
115217
115217
115219
115428
115572
115585
115590
115601
115631
115791
115795
115850
115978
115995
116215
116238
116306
116362
116365
116427
116647
116653
117034
117093
117094
117234
117499
117502
117587
117841
117843
117905
118188
118202
118222
118290
118324
118351
118353
118455
118467
118499
118542
118626
118814
118869
118902
119115
119129
119250
119331
119412
119436
119635
120386
120697
120719
120984
121193
121531
121598
121658
121716
121917
122085
122119
122159
122324
122357
122359
122377
122380
122694
122768
122881
122927
123256
123427
123785
123894
123898
123943
124027
124043
124150
124264
124280
124378
124383
124414
124803
124914
124990
125017
125110
125152
125191
125280
125295
125353
125482
125562
125659
125723
125905
125932
125968
126154
126284
126294
126600
126683
126690
127073
127086
127200
127204
127384
127386
127482
127607
127798
127812
128076
128362
128440
128483
128502
128515
128705
128769
128795
128866
128982
129147
129205
129356
129416
129485
129525
130032
130092
130093
130247
130287
130484
130594
130904
131018
131021
131051
131165
131190
131197
131233
131300
131516
131524
131548
131557
131622
131646
131846
132265
132312
132446
132489
132667
132711
132713
132768
132808
132811
133232
133414
133427
133429
133431
133469
133626
133784
133801
133834
133840
134153
134332
134366
134390
135029
135115
135516
135792
135837
135896
136183
136204
136434
136466
136616
136797
136867
137045
137057
137068
137236
137337
137541
137671
137776
137986
138013
138225
138327
138416
138420
138495
138761
138907
138948
138981
139037
139053
139333
139465
139513
139706
139748
139972
140097
140323
140434
140510
140680
140931
141044
141172
141197
141237
141248
141303
141543
141557
141809
141822
141970
142086
142100
142174
142186
142312
142333
142636
142679
142713
142954
142957
142965
142991
143089
143309
143499
143565
143703
144214
144361
144498
144824
144836
145243
145265
145437
145515
145559
145645
145729
145929
145962
146012
146023
146035
146104
146188
146243
146338
146622
146747
146774
146795
146846
146966
147079
147080
147089
147246
147389
147518
147627
147773
147939
147963
148068
148193
148212
148214
148385
148388
148437
148633
148698
148900
148934
148974
149230
149401
149734
149743
149867
149882
149905
149920
149921
150063
150167
150209
150233
150306
150392
150423
150617
150932
151207
151295
151445
151581
151669
151814
151933
152132
152165
152209
152291
152413
152654
152782
152918
152962
152976
153145
153160
153238
153265
153316
153473
153532
153569
153731
153738
153765
153949
154129
154169
154223
154277
154365
154453
154577
154625
154766
154866
154897
154982
155010
155069
155114
155253
155337
155571
155634
155637
155700
155714
155795
155830
156087
156179
156252
156322
156432
156590
156663
156759
156908
156962
157038
157134
157238
157298
157300
157423
157437
157502
157816
157822
157860
157871
157994
158060
158073
158103
158144
158207
158424
158454
158466
158544
158614
158650
158656
158672
158802
158812
158927
158929
159115
159169
159221
159318
159340
159358
159447
159525
159550
159602
159650
159784
159837
159844
159911
159932
159937
160194
160264
160564
160631
160640
160930
161204
161214
161639
161661
161677
161936
162130
162207
162460
162673
162782
162863
163110
163148
163154
163266
163328
163358
163430
163456
163511
163532
163637
163797
163829
163860
163928
164246
164335
164354
164607
164609
164614
164630
164957
164970
164985
165002
165017
165082
165101
165416
165925
165981
165985
166132
166135
166176
166183
166189
166374
166511
166533
166708
166726
166742
166898
166898
166991
167072
167127
167132
167236
167287
167404
167491
167562
167692
167740
167830
167869
168002
168198
168203
168509
168539
168567
168590
168816
168986
169267
169273
169305
169317
169335
169441
169569
169707
169816
169817
170010
170016
170026
170114
170237
170427
170465
170474
170572
170598
170673
170855
170963
170974
171133
171174
171385
171620
171681
171749
171777
171811
171832
171868
171907
171927
172080
172133
172259
172321
172440
172612
172817
172902
172965
173061
173116
173137
173244
173328
173381
173448
173533
173723
173725
173854
173989
174358
174609
174893
174978
175133
175256
175531
175617
175715
175771
175814
175832
175858
175869
175879
175951
176015
176096
176175
176227
176333
176361
176400
176511
176623
176643
176906
177018
177102
177132
177152
177329
177408
177510
177665
177797
177830
177845
177861
177862
178190
178265
178434
178720
178833
178884
178918
179032
179080
179105
179170
179392
179446
180066
180070
180397
180413
180476
180619
180712
180806
180846
181035
181128
181248
181296
181321
181422
181430
181525
181535
181541
181626
181655
181732
181824
181826
182035
182037
182392
182469
182474
182532
182632
182700
182720
182863
183004
183102
183186
183258
183458
183592
183616
183874
183932
183994
184000
184194
184496
184517
184566
184576
184918
184972
185004
185055
185110
185118
185163
185188
185238
185378
185422
185643
186307
186348
186467
186660
186850
187126
187332
187352
187359
187424
187520
187768
187828
187892
188165
188167
188255
188256
188289
188311
188381
188523
188539
188609
188681
188893
188918
189131
189150
189316
189415
189614
189765
189776
189954
189995
190122
190171
190205
190365
190514
190628
190776
190783
191024
191063
191082
191223
191262
191305
191444
191508
191537
191557
191699
191745
191812
191825
191853
191934
192002
192007
192071
192213
192399
192419
192492
192514
192518
192709
192826
192828
192898
192911
193149
193678
193974
194077
194147
194170
194300
194346
194403
194552
194643
194881
194924
195026
195091
195173
195191
195886
195889
196011
196038
196041
196177
196207
196273
196330
196407
196497
196620
196697
196808
196853
196858
197035
197057
197063
197066
197176
197283
197518
197529
197539
197540
197840
197924
197962
197975
198034
198170
198268
198284
198332
198440
198634
198741
198783
198784
199195
199280
199349
199398
199567
199908
200028
200324
200348
200404
200547
200590
200803
200841
200929
200958
201031
201160
201331
201386
201730
201766
202163
202262
202395
202443
202455
202507
202563
202604
202710
202722
202745
202780
202841
202890
203085
203435
203476
203757
203856
203970
203977
204241
204252
204614
204849
205036
205104
205169
205405
205457
205545
205608
205795
206045
206145
206552
206591
206762
206788
206922
206928
206998
207313
207325
207482
207693
207969
207974
208156
208194
208255
208269
208346
208415
208469
208581
208583
208599
208628
208713
208803
208971
209017
209078
209094
209121
209225
209276
209334
209370
209400
209428
209606
209677
209699
209864
209877
209966
210342
210534
210620
210639
210890
211054
211410
211476
211774
211807
211841
211900
211980
211987
212008
212061
212329
212488
212535
212615
212691
212711
212823
212933
213003
213005
213113
213185
213207
213541
213664
213784
213872
213981
214037
214096
214106
214316
214439
214442
214563
214650
214715
214836
214986
215040
215180
215193
215340
215340
215413
215514
215527
215770
215841
215909
216207
216287
216418
216505
216724
216747
216910
217802
217865
218048
218053
218055
218089
218102
218129
218382
218484
218494
218503
218534
218761
218869
218998
219226
219465
219660
220088
220174
220250
220421
220597
220721
220780
220837
220850
220927
221071
221445
221469
221538
221608
221640
221670
221889
221902
221913
222004
222200
222205
222231
222435
222506
222558
222614
222619
222709
223121
223308
223413
223765
223792
223884
223930
223946
224157
224197
224246
224391
224404
224405
224415
224462
224516
224786
224956
224992
225047
225222
225250
225272
225533
225911
225989
226155
226173
226622
226800
226893
226902
226912
226929
227013
227184
227191
227414
227584
227611
227867
227922
228006
228015
228021
228039
228070
228079
228674
228697
228927
229053
229130
229138
229262
229295
229707
229731
229812
229841
229913
229953
230033
230049
230154
230196
230300
230491
230492
230554
230609
230711
230748
230775
230804
230926
231332
231368
231402
231441
231452
231675
231723
231823
231824
231831
232169
232173
232247
232412
232439
232915
232975
233061
233138
233152
233227
233277
233475
233503
233533
233629
233690
233730
233734
233741
233825
233947
233968
234074
234172
234442
234544
234630
234813
234820
234937
234973
234989
235072
235078
235210
235328
235375
235449
235528
235606
235667
235738
235902
235956
235968
235983
236528
236529
236564
236621
236623
236703
236766
236793
236829
236834
237021
237456
237545
237605
237752
237821
237839
237874
237891
237927
238395
238593
238594
238707
238809
238958
238961
238984
239047
239103
239109
239147
239248
239401
239562
239654
239662
239839
239884
240211
240271
240367
240454
240533
240767
240777
240870
240882
240965
241177
241230
241714
241843
242057
242087
242387
242615
242621
242721
242802
242849
242901
243048
243392
243481
243490
243560
243623
243677
243722
243992
244243
244376
244589
244654
244804
244824
244968
244983
245072
245141
245144
245262
245284
245298
245440
245441
245505
245638
245662
245901
246070
246142
246335
246354
246377
246453
246724
246745
246832
247012
247340
247531
247794
248175
248258
248374
248829
248888
249013
249045
249189
249853
249953
249981
250262
250314
250350
250661
250777
250780
250857
251075
251130
251262
251479
251641
251888
251965
252288
252362
252367
252376
252503
252681
252714
252815
252881
253079
253446
253532
253971
253987
254164
254214
254452
254529
254672
254713
254716
254759
254902
255029
255052
255166
255449
255828
255836
255941
256032
256046
256072
256189
256265
256568
256592
256616
256634
256639
256913
256935
256985
257292
257407
257612
257773
257831
257917
257955
257959
258183
258275
258414
258524
258525
258551
258555
258795
258876
258917
258923
259048
259074
259162
259306
259307
259323
259569
259644
259744
259896
259989
260146
260192
260200
260697
260907
260963
261068
261094
261151
261168
261318
261358
261372
261377
261413
261457
261663
261732
261747
261865
262009
262137
262194
262226
262242
262410
262417
262445
262476
262568
262783
262878
263047
263262
263601
263805
263929
263989
264026
264170
264380
264637
264648
264740
264750
264983
265079
265090
265118
265205
265239
265305
265366
265415
265552
265700
265753
266084
266113
266196
266303
266310
266374
266596
266791
266975
266980
267009
267171
267369
267499
267552
267774
268195
268253
268322
268444
268451
268497
268529
268601
268706
268877
268900
268964
268987
269179
269264
269430
269583
269777
269852
270063
270099
270116
270156
270184
270198
270326
270337
270567
270615
270642
270718
270938
271050
271067
271095
271919
271956
271969
272384
272520
272618
272642
272667
272790
272980
272989
273008
273056
273341
273444
273467
273807
273889
273940
273974
274024
274030
274049
274055
274150
274159
274219
274406
274507
274770
275146
275252
275432
275437
275515
275518
275601
275700
275821
275978
276040
276343
276476
276501
276515
276586
276619
276622
276651
276693
276820
276833
276898
277080
277110
277126
277137
277158
277252
277403
277490
277602
277942
278119
278264
278359
278586
278622
278639
278648
278861
278927
279446
279465
279792
279895
279986
280053
280249
280594
280619
280674
280675
280943
281154
281168
281185
281206
281237
281331
281442
281455
281812
281902
281975
282038
282095
282170
282201
282321
282409
282506
282567
282616
282697
282749
283042
283560
283616
283694
283740
283774
284097
284185
284267
284337
284349
284593
284602
284731
284781
284976
284987
285029
285049
285319
285379
285666
285734
285760
285914
285990
286059
286073
286114
286197
286319
286355
287008
287059
287110
287182
287186
287310
287432
287497
287541
287600
287614
287635
287758
287805
287831
287916
287924
288021
288022
288103
288350
288359
288376
288497
288512
288566
288575
288715
288815
288921
288947
288978
289073
289278
289426
289438
289540
289612
289846
289873
289880
289910
290111
290143
290151
290267
290476
290590
290711
290799
290802
290837
290910
291335
291421
291593
291771
291774
291774
291785
291842
291912
291936
291992
292200
292227
292329
292660
292704
292882
292890
293029
293137
293149
293170
293233
293267
293363
293469
293585
293732
293777
293891
293895
293983
294081
294294
294445
294594
294626
294629
294696
294760
294816
295145
295210
295242
295330
295847
295875
296020
296137
296158
296241
296452
296567
296604
296612
296628
296732
296779
296839
296914
296951
297039
297197
297293
297298
297448
297531
297609
297731
297807
297876
297900
297907
297970
298965
299536
299577
299589
299803
299820
299909
299969
300027
300106
300125
300200
300390
300447
300480
300575
300903
300920
301155
301298
301391
301399
301545
301707
301758
301820
301858
301933
301984
302112
302145
302234
302237
302408
302421
302510
302510
302742
302767
303011
303233
303426
303447
303525
303602
303806
303851
303852
303998
304308
304400
304445
304555
304580
304681
304806
304871
304902
304927
305097
305162
305267
305333
305606
305712
305795
305805
305818
305888
305902
306016
306104
306124
306202
306310
306388
306602
306616
306756
306775
306783
306819
306855
307028
307161
307210
307416
307461
307601
307684
307913
307966
307981
308000
308151
308156
308183
308345
308378
308607
308632
308688
308703
308743
309002
309256
309443
309650
309757
309943
309988
310137
310358
310784
311195
311229
311322
311374
311540
311723
311746
311750
311875
311998
312136
312158
312229
312354
312445
312517
312612
312645
312958
313084
313086
313463
313465
313472
313493
313654
313657
313886
313908
314116
314312
314393
314452
314496
314653
314743
314789
314985
315003
315068
315345
315489
315715
315869
315906
315923
316009
316176
316238
316357
316453
316590
316670
316916
317003
317007
317009
317052
317216
317228
317269
317340
317593
317621
317947
318051
318123
318124
318126
318324
318351
318441
318543
318697
318782
318812
319074
319127
319366
319442
319444
319526
319634
319851
319865
319925
320107
320126
320148
320233
320350
320498
320539
320740
320741
320744
320953
321275
321290
321373
321382
321388
321725
321956
321960
321985
322011
322117
322325
322346
322418
322635
322813
322825
322905
322918
323007
323012
323041
323109
323260
323280
323432
323792
323795
323894
323912
324183
324210
324230
324245
324260
324324
324355
324488
324500
324529
324555
324571
324615
324716
324728
324822
324830
324922
325037
325079
325288
325300
325371
325393
325638
325663
325664
325682
325754
325780
325834
326045
326228
326281
326461
326575
326648
326690
326711
326798
326917
327011
327090
327118
327148
327206
327252
327287
327290
327305
327545
327608
327808
327811
327837
327859
327925
328029
328245
328663
328709
328848
328981
328993
329106
329141
329265
329409
329438
329458
329472
329502
329590
329875
329933
329935
330062
330085
330193
330198
330202
330246
330753
330823
330927
331010
331106
331153
331337
331341
331357
331371
331491
331494
331533
331577
331905
332066
332100
332184
332212
332272
332434
332491
332580
332661
332773
332825
333048
333191
333210
333369
333460
333785
333911
333946
333966
334205
334366
334441
334544
334600
334634
334685
334728
334758
334980
335010
335015
335044
335057
335112
335160
335162
335169
335190
335415
335444
335483
335490
335546
335630
335905
335949
335986
336266
336318
336434
336498
336606
336676
336718
336810
337261
337651
338245
338501
338518
338788
338966
339192
339342
339434
339499
339502
339835
339978
340067
340117
340144
340230
340349
340368
340508
340552
340566
340672
340801
340849
340947
341041
341099
341183
341593
341733
341907
341958
341982
342015
342215
342217
342224
342237
342494
342695
342712
342969
343258
343373
343422
343524
343563
343771
343798
343810
343841
343859
343981
344113
344291
344471
344542
344694
344720
344733
344879
345197
345209
345266
345778
345794
345926
345963
346040
346134
346293
346351
346432
346460
346704
346900
346906
346928
347040
347079
347156
347157
347383
347391
347391
347429
347553
347581
347584
347955
347967
348133
348244
348294
348446
348461
348617
348655
348682
348707
348721
348761
348883
348923
348962
349030
349082
349215
349220
349320
349498
349769
349870
349888
349974
350147
350226
350373
350582
350902
350916
351033
351125
351257
351536
351685
351765
352012
352321
352362
352397
352550
352744
353047
353112
353141
353412
353470
353512
353645
353695
353783
353853
353878
353898
354062
354112
354193
354323
354506
354537
354591
354786
354810
354824
354828
354848
354998
355078
355092
355193
355366
355387
355533
355739
355849
355931
355981
356101
356201
356241
356317
356577
356610
356690
356975
357032
357035
357036
357096
357122
357201
357334
357412
357571
357596
357600
357755
357811
357982
358137
358166
358293
358563
358567
358569
358883
359005
359021
359190
359195
359240
359434
359506
359525
359736
359867
359926
359975
360095
360123
360254
360284
360312
360407
360464
360552
360632
360793
360828
360830
360922
360946
360950
361011
361229
361245
361372
361495
361521
361714
361772
361837
362164
362405
362510
362578
362644
362842
362896
362985
363123
363268
363461
363546
363627
363650
363652
363664
363896
363996
364159
364269
364360
364438
364651
364867
364931
364957
365029
365193
365282
365351
365419
365436
365455
365503
365578
365621
365711
365741
365832
365935
366006
366277
366304
366309
366360
366363
366374
366694
366705
366801
366806
366941
367099
367122
367154
367376
367418
367670
367683
367992
368069
368114
368259
368414
368543
368561
368573
368772
368813
368853
368874
368973
369004
369153
369278
369476
369520
369712
369868
369932
369985
370081
370086
370160
370177
370257
370402
370414
370498
370562
370577
370665
370669
370757
371043
371064
371075
371188
371449
371465
371756
371925
371969
372084
372193
372268
372351
372375
372381
372455
372483
372570
372597
372666
372678
372714
372737
372845
372854
373017
373133
373600
373658
373856
373897
374102
374214
374387
374487
374532
374610
374789
374804
375015
375170
375363
375570
375599
375818
376254
376454
376467
376595
376848
377050
377079
377316
377397
377417
377549
377573
377816
377830
377860
377910
377928
377932
377972
377981
377995
378116
378144
378327
378390
378532
378559
378731
378753
378856
378864
378865
378880
378904
378927
378929
379011
379082
379118
379397
379504
379516
379659
379766
379789
380090
380093
380154
380158
380233
380309
380404
380664
380690
380781
380790
380822
380855
380871
380996
381044
381087
381189
381249
381259
381285
381310
381331
381448
381475
381540
381962
382042
382265
382281
382317
382430
382456
382627
382699
382748
382789
382880
382905
383117
383124
383135
383301
383414
383468
383580
383818
383834
383934
383979
384034
384129
384167
384280
384325
384335
384432
384444
384453
384483
384518
384571
384750
384772
384854
385132
385173
385355
385382
385394
385418
385477
385488
385524
385578
385881
385936
385993
386016
386158
386163
386230
386263
386359
386394
386455
386473
386475
386503
386559
386802
386868
386874
386920
387176
387332
387377
387382
387386
387476
387670
387776
387799
387885
387964
388180
388189
388207
388330
388347
388486
388809
388949
389075
389094
389562
389662
389825
389884
389900
390011
390082
390124
390138
390189
390249
390268
390287
390295
390456
390557
390586
390676
390731
391238
391699
391736
391795
391801
392004
392060
392300
392306
392518
392548
392564
392570
392884
392911
392915
392971
393014
393139
393227
393324
393452
393467
393681
393717
393805
393951
394106
394161
394215
394283
394347
394560
394607
394663
394748
394750
394911
394911
394952
395019
395031
395107
395176
395221
395253
395307
395357
395379
395392
395588
395633
395716
395727
395865
395893
396029
396039
396060
396119
396180
396606
396620
396677
396681
397020
397023
397064
397086
397167
397229
397377
397429
397444
397445
397484
397624
397922
397922
397950
398001
398045
398402
398535
398540
398928
399056
399082
399175
399264
399282
399290
399302
399340
399375
399394
399498
399722
399770
399918
399920
399972
400001
400128
400194
400209
400568
400624
400684
400701
400708
400907
400965
400968
401111
401343
401591
401611
401703
401849
402092
402092
402277
402401
402437
402782
403096
403171
403225
403318
403388
403543
403677
403941
403945
404021
404047
404392
404491
404802
404934
404957
404977
405001
405028
405032
405060
405216
405262
405360
405557
405566
405817
405839
406043
406084
406223
406263
406505
406527
406622
406872
406939
406957
406982
407095
407170
407211
407364
407386
407433
407520
407605
407685
407704
407729
407794
408005
408078
408127
408184
408330
408510
408657
408662
408664
408753
409051
409173
409173
409357
409374
409420
409507
409551
409581
409613
409713
409726
409856
409874
409951
410000
410143
410366
410598
410640
410794
410855
410926
410948
411260
411635
411812
411845
411846
411870
411877
412066
412136
412573
412678
412682
412760
412833
412953
412985
413119
413232
413278
413435
413475
413484
413513
413523
413574
413658
413767
413772
413903
413905
413959
414002
414010
414017
414120
414214
414417
414441
414460
414860
414905
415040
415216
415397
415451
415459
415486
415578
415599
415748
415778
415813
415888
415945
415949
416010
416084
416085
416242
416255
416260
416432
416485
416547
416622
416893
417068
417139
417156
417177
417178
417241
417266
417418
417685
417729
417790
417915
418116
418237
418261
418283
418483
418525
418543
418559
418731
418741
418815
418843
418903
418981
418993
419083
419232
419308
419527
419543
419732
419787
419887
419918
420107
420425
420584
420588
420949
420950
421004
421007
421075
421123
421184
421212
421242
421258
421355
421614
422029
422061
422063
422144
422202
422500
422519
422784
422868
422873
423047
423058
423213
423428
423513
423590
423665
423686
423692
423720
423760
423870
423886
424156
424271
424303
424611
424638
424660
424675
424863
425009
425181
425236
425438
425522
425714
425973
425989
426029
426084
426109
426556
426648
426716
426903
427059
427257
427263
427297
427355
427386
427499
427515
427517
427552
427564
427622
427623
427751
427751
427800
427845
427875
427932
427940
427940
428096
428163
428221
428340
428382
428447
428484
428557
428578
428639
428654
428662
428701
428727
428765
428964
429110
429149
429277
429297
429388
429712
429750
429758
429787
429854
429993
430033
430146
430237
430264
430327
430606
430617
430872
430990
431051
431183
431243
431314
431483
431816
431912
431939
431963
432185
432244
432377
432602
432708
432869
433180
433515
433550
433556
433815
433941
434107
434134
434173
434229
434452
434502
434591
434634
434736
435019
435025
435297
435389
435430
435456
435463
435478
435522
436228
436259
436590
436653
436720
436829
436896
437144
437246
437376
437392
437462
437490
437504
437511
437655
437836
437846
438074
438094
438221
438415
438480
438651
438704
438745
438750
438770
438886
438922
438955
439039
439112
439183
439208
439213
439415
439538
439629
439755
439963
440084
440206
440299
440350
440385
440413
440484
440506
440516
440601
440661
440962
441294
441320
441415
441415
441451
441512
441542
441581
441581
441615
441729
441871
441960
442135
442176
442243
442323
442345
442391
442488
442687
442710
442812
442828
443113
443155
443187
443220
443292
443377
443574
443656
443785
443804
443844
444051
444054
444090
444160
444184
444362
444612
444747
444949
444964
445079
445420
445426
445545
445600
445657
445744
446046
446281
446301
446307
446332
446399
446409
446434
446510
446541
446556
446668
446680
446705
446906
447115
447148
447205
447237
447396
447465
447584
447629
447832
448061
448143
448341
448428
448565
448669
448675
448869
448965
448999
449069
449211
449263
449281
449357
449412
449517
449522
449541
449629
449657
449684
449763
449873
449912
450256
450476
450676
450708
451009
451107
451181
451191
451195
451246
451297
451362
451471
451523
451890
452197
452217
452250
452341
452403
452427
452530
452704
452812
452974
452990
453041
453069
453181
453207
453444
453571
453606
453634
453815
453944
454067
454095
454134
454290
454328
454472
454555
454778
454792
455079
455265
455307
455318
455461
455922
456023
456202
456234
456345
456417
456463
456703
456760
456773
456849
456949
457077
457102
457130
457195
457253
457281
457326
457426
457545
457561
457655
457660
457700
457968
458111
458212
458259
458499
458819
458958
459056
459099
459395
459542
459645
459759
459785
459831
460023
460074
460348
460466
460539
460570
460868
460926
461041
461091
461140
461269
461277
461409
461581
461624
461752
461841
461916
461986
462065
462117
462223
462228
462313
462324
462423
462467
462587
462725
462833
462861
462927
462978
463209
463338
463352
463505
463552
463561
463642
463645
463802
463846
463904
463984
464008
464079
464081
464156
464377
464589
464749
464767
464940
464960
465081
465136
465236
465418
465573
465617
466016
466429
466479
466501
466586
466786
466805
466966
467051
467166
467202
467213
467294
467413
467450
467736
467873
467946
468271
468273
468307
468358
468549
468735
468777
468907
469168
469186
469306
469360
469686
469692
469762
469801
469971
469981
470009
470047
470138
470150
470162
470202
470203
470319
470346
470457
470464
470465
470478
470511
470603
470643
470839
470880
471042
471266
471400
471484
471579
471681
471767
471841
471847
471982
472034
472327
472390
472391
472587
472651
472801
472837
472870
473016
473031
473033
473181
473183
473461
473544
473567
473626
473647
473673
473680
473700
473717
473779
473906
473927
474275
474279
474352
474390
474646
474695
474745
474767
474903
474974
474996
475104
475207
475350
475389
475455
475604
475770
475813
475888
475925
476019
476064
476255
476264
476304
476422
476450
476817
476839
476869
477022
477049
477133
477168
477207
477261
477440
477533
477548
477597
477608
477656
477696
477725
477849
477905
477919
477955
477974
478137
478247
478344
478563
478590
478632
478639
478721
478806
478855
478869
479044
479098
479181
479261
479376
479433
479458
479501
479539
479607
479625
479730
479959
480291
480414
480468
480521
480686
480693
480707
480757
480809
480863
480927
481070
481712
481802
481996
482160
482222
482431
482478
482580
482778
482805
482807
482888
482965
482975
483083
483105
483131
483292
483732
483820
483876
484065
484158
484418
484484
484500
484525
484539
484809
484855
484898
484932
485124
485178
485264
485369
485517
485704
486434
486618
486630
486741
486769
486860
486868
487104
487145
487304
487311
487319
487463
487540
487632
487635
487768
487790
487921
487927
487940
488145
488172
488219
488586
488704
488802
488924
488928
489045
489286
489383
489475
489552
489712
489713
489794
489802
490030
490181
490392
490420
490502
490624
490735
490742
490745
490753
490753
490839
490880
490986
491186
491235
491245
491727
491746
491800
491849
491960
491982
492134
492144
492152
492214
492215
492245
492319
492319
492815
493090
493109
493145
493355
493442
493507
493665
493767
493788
493815
493863
493868
493944
493950
494052
494053
494259
494307
494424
494489
494834
494851
494952
495087
495176
495283
495372
495382
495580
495591
495597
495620
495697
495753
495789
495991
496059
496165
496180
496256
496287
496354
496530
496637
496731
496754
496862
496892
496970
497014
497083
497126
497210
497264
497268
497307
497337
497542
497614
497675
497901
498210
498235
498257
498400
498532
498568
498648
499055
499196
499256
499330
499418
499502
499595
499640
499755
499865
499894
499919
499962
500320
500369
500462
500492
500795
500834
500948
501190
501476
501494
501509
501646
501690
501934
502025
502053
502129
502243
502308
502427
502428
502460
502619
502693
502817
503110
503369
503412
503500
503524
503605
503808
503925
503973
504118
504186
504251
504288
504291
504448
504516
504553
504619
504762
504815
504825
504955
505024
505073
505134
505452
505460
505488
505673
505818
505934
506087
506175
506190
506208
506321
506491
506529
506629
506805
506902
507308
507325
507405
507563
507704
507754
507895
508051
508215
508289
508306
508433
508437
508445
508550
508663
508760
508852
508921
509175
509281
509345
509374
509390
509451
509572
509649
509681
509832
510103
510119
510362
510493
510499
510640
510842
510908
511118
511124
511134
511188
511222
511269
511435
511535
511640
511656
511691
511921
511925
512108
512167
512267
512493
512704
512717
512771
512825
512910
512945
512947
513020
513086
513106
513229
513281
513412
513645
513657
513957
514187
514249
514339
514387
514465
514500
514511
514597
514674
514863
514975
515058
515061
515109
515404
515412
515438
515466
515546
515662
515678
515799
515869
515890
516393
516514
516568
516918
517000
517150
517353
517384
517519
517559
517636
517651
517717
517766
517805
517930
517960
517978
517994
518019
518164
518224
518226
518361
518382
518451
518456
518487
518491
518603
518626
518651
518686
518872
518951
518993
519029
519192
519264
519379
519390
519741
519890
519971
520022
520050
520155
520367
520544
520607
520615
520828
520961
521064
521082
521095
521102
521106
521154
521282
521290
521303
521402
521587
521593
521652
521677
521728
521735
521870
521962
522010
522056
522070
522647
522660
522806
522895
522927
522980
523031
523313
523345
523459
523459
523493
523542
523578
523614
523639
523645
524028
524048
524076
524089
524213
524285
524412
524721
524764
524780
525066
525251
525259
525466
525560
525660
525734
525782
525824
525855
525988
526234
526340
526612
526617
526666
526758
526780
527048
527380
527477
527562
527596
527702
527823
527955
527968
527970
528127
528398
528409
528520
528550
528591
528610
528659
528777
528792
528814
528885
529196
529307
529393
529407
529419
529710
529748
529806
529998
530017
530058
530117
530205
530213
530381
530415
530467
530516
530623
530651
530660
530679
530904
530918
530955
530956
530974
531136
531155
531165
531175
531422
531467
531495
531533
531583
531592
531671
531744
531791
531840
531840
532136
532280
532550
532594
532643
532655
532756
532955
533207
533370
533434
533485
533582
533627
533759
533879
533967
534262
534285
534341
534492
534503
534534
534562
534627
534653
534795
534833
534958
535039
535446
535536
535613
535920
535960
536286
536616
536653
536765
536995
537037
537103
537215
537243
537280
537357
537434
537436
537509
537717
537717
537779
537863
537891
538095
538106
538220
538223
538313
538323
538382
538464
538466
538539
538647
538690
538705
538716
538728
538849
538877
538928
539107
539191
539251
539268
539514
539600
539703
539887
540271
540340
540515
540549
540599
540727
540828
541172
541196
541253
541689
541751
541753
541760
541780
541832
541988
542100
542342
542551
542761
542830
543049
543185
543311
543705
543723
543763
543774
544128
544138
544362
545057
545069
545322
545369
545487
545528
545728
546040
546450
546566
546594
546602
546823
546839
546891
546940
547285
547314
547358
547360
547586
547780
548127
548132
548147
548153
548183
548289
548322
548396
548460
548555
548564
548622
548641
548767
548879
548969
549041
549083
549104
549190
549235
549294
549399
549442
549500
549517
549550
549627
549719
549894
550258
550345
550395
550469
550501
550690
550696
550747
550821
550843
550942
551198
551314
551350
551412
551433
551435
551444
551480
551503
551586
552123
552292
552342
552469
552499
552585
552665
552838
552852
552925
552949
553095
553104
553242
553290
553390
553395
553417
553625
553737
553745
553762
553768
553868
553887
553943
554004
554228
554255
554536
554551
554605
554666
554760
554775
554929
554959
554998
555108
555244
555292
555420
555621
555797
555959
555986
555992
556036
556123
556201
556223
556488
556507
556543
556701
556718
556763
556822
556910
556971
557029
557109
557263
557369
557449
557500
557538
557552
558062
558131
558180
558231
558235
558270
558302
558368
558411
558466
558944
558957
559177
559178
559252
559357
559365
559407
559592
559680
559904
559952
560019
560240
560461
560557
560619
560632
560804
560844
560850
560852
560917
560927
561086
561093
561266
561375
561616
561617
561627
561652
561778
561827
561939
561964
562507
562631
562659
562673
562745
562792
562810
562828
562905
563141
563227
563260
563275
563429
563430
563509
563569
563666
563694
563700
563856
563967
563968
563973
564091
564113
564137
564258
564287
564396
564525
564652
564708
564728
564799
565142
565232
565599
565659
566256
566261
566416
566427
566477
566505
566508
566603
566716
566785
566796
566816
566847
566949
566962
567110
567313
567381
567432
567519
567541
567584
567653
567704
567804
568012
568249
568390
568524
568535
568566
568665
568840
568851
569049
569161
569256
569321
569382
569476
569620
569708
569800
569911
569945
570025
570061
570145
570290
570307
570440
570465
570490
570674
570735
570862
570903
570925
570930
571062
571175
571343
571490
571501
571580
571663
571725
571751
571892
571904
572031
572033
572094
572142
572537
572568
572623
572639
572891
572951
573188
573480
573586
573671
573715
573727
573738
574052
574164
574208
574535
574568
574593
574862
574922
575134
575136
575183
575204
575239
575356
575361
575369
575526
575542
575605
575759
575927
575957
576026
576040
576156
576197
576335
576429
576675
576723
576896
576897
576965
577006
577010
577110
577114
577340
577391
577472
577541
577642
577651
577949
578295
578297
578318
578336
578380
578593
578806
579028
579092
579095
579534
579568
579790
579856
579895
579905
580064
580245
580481
580607
580619
580735
580921
580931
580956
581151
581272
581324
581363
581383
581767
581849
581883
582050
582154
582233
582336
582436
582505
582522
582625
582712
583431
583533
583665
583793
583845
583977
584078
584082
584185
584348
584370
584390
584435
584455
584560
584673
584681
584713
584826
585418
585424
585529
585554
585831
585861
585941
586060
586080
586150
586435
586436
586520
586540
586660
586839
587153
587190
587352
587365
587411
587430
587443
587475
587487
587643
587741
587999
588003
588209
588512
588561
588638
588906
588952
588965
588969
589049
589084
589362
589362
589443
589700
589758
589920
589929
590146
590169
590206
590557
590682
590685
590764
590776
590948
590993
591074
591095
591131
591133
591137
591235
591255
591329
591348
591353
591416
591445
591462
591524
591610
591628
591739
591744
591806
591829
592265
592399
592463
592502
592513
592561
592570
592663
592903
592913
592966
593022
593077
593096
593619
594091
594138
594328
594699
594723
594725
594732
594928
594973
595034
595064
595321
595435
595497
595572
595694
595715
595759
595822
595857
595962
595971
596070
596245
596368
596497
596497
596593
596656
596674
597136
597224
597315
597615
597964
597972
597975
598207
598245
598562
598595
598728
598890
598904
599185
599308
599423
599491
599698
599731
599736
599857
600014
600072
600110
600304
600397
600522
600673
600730
600765
600957
600991
601175
601180
601221
601344
601496
601543
601704
601808
601870
601927
601977
602003
602087
602315
602355
602420
602432
602447
602549
602553
602757
602802
602857
602891
603061
603231
603292
603366
603445
603526
603603
604031
604061
604191
604348
604368
604369
604424
604481
604621
604721
604770
604942
604963
605104
605124
605189
605293
605335
605451
605500
605505
605583
605640
605806
605871
605879
605895
605952
606000
606047
606100
606392
606458
606617
606655
606691
606861
606874
606910
606968
606977
607019
607148
607258
607335
607741
607814
607952
607964
608091
608156
608193
608300
608352
608410
608432
608542
608631
608736
608875
608896
608939
609022
609176
609188
609191
609247
609258
609389
609450
609547
609650
609666
609687
609697
609763
609795
610060
610108
610155
610204
610322
610352
610381
610396
610415
610438
610494
610718
610759
610841
610890
610992
611205
611287
611349
611422
611536
611596
611647
611762
611783
611832
612403
612564
612811
613008
613372
613532
613598
613746
613790
613915
613938
613990
614044
614086
614126
614208
614307
614335
614479
614541
614677
614713
614858
614900
614977
615058
615130
615139
615216
615457
615506
615615
615628
615646
615835
615895
615960
616030
616089
616134
616350
616357
616381
616462
616749
616786
616801
616956
616981
617084
617101
617368
617597
617679
617691
617692
617714
617726
617827
618055
618184
618220
618416
618424
618493
618591
618901
618933
619145
619201
619316
619329
619465
619500
619572
619577
619585
619613
619661
619682
619779
619801
619811
620030
620405
620410
620529
620583
620592
620642
620759
620834
620843
621165
621305
621423
621864
621882
621883
621895
621945
622185
622189
622313
622363
622370
622429
622448
622511
622549
622576
622622
622833
622880
622883
622946
623071
623085
623256
623358
623445
623470
623573
623628
623642
623653
623661
623808
623860
623983
624095
624178
624280
624416
624418
624591
624991
625126
625150
625172
625203
625219
625333
625889
625942
625980
626095
626103
626160
626208
626236
626284
626306
626519
626590
626807
626892
626908
627076
627106
627166
627181
627255
627265
627282
627307
627396
627418
627556
627762
627941
628073
628354
628366
628381
628475
628818
628940
628969
629037
629121
629136
629158
629161
629219
629343
629357
629368
629545
629753
629801
629866
630022
630064
630145
630156
630256
630347
630600
630627
630696
630823
630877
630987
631066
631125
631135
631151
631219
631239
631416
631452
631667
631673
631680
631919
632004
632190
632222
632513
632775
632790
632840
633088
633106
633127
633225
633265
633433
633480
633490
633856
633951
633952
634338
634436
634537
634548
634598
634666
634752
634788
634960
634989
634990
635040
635092
635207
635285
635328
635607
635892
635925
636137
636183
636303
636317
636358
636398
636425
636436
636527
636571
636844
637009
637399
637508
637757
637786
638044
638163
638175
638287
638398
638423
638474
638508
638665
638776
638935
638999
639144
639397
639600
639662
639887
639915
639944
639945
639951
640427
640485
640559
640686
640749
640838
640901
640912
641037
641080
641158
641172
641608
641765
641949
641996
642039
642332
642374
642387
642691
642797
642855
643048
643321
643350
643426
643454
643466
643527
643636
643780
644059
644297
644306
644548
644588
644597
644624
644676
644680
644682
644732
644800
644907
645049
645137
645339
645406
645529
645533
645617
645619
645650
645718
645729
645766
645925
645998
646173
646249
646425
646672
646908
646974
646989
647077
647137
647154
647536
647591
647606
647609
647791
647822
647833
647842
647911
647917
648007
648038
648058
648075
648125
648209
648212
648317
648629
648790
648878
648948
649242
649264
649345
649450
649529
649538
649570
649780
649877
649904
650335
650355
650464
650634
650646
650665
651022
651209
651273
651398
651524
651537
651668
651744
651849
651917
651932
651986
652292
652313
652337
652366
652675
652808
652838
652942
653062
653181
653290
653332
653361
653466
653475
653586
653692
653705
653722
653741
653752
654084
654180
654284
654359
654483
654552
654579
654644
654775
654805
654929
655229
655410
655458
655511
655595
655783
655797
655919
655963
656061
656151
656158
656197
656381
656468
656543
656569
656615
656625
656650
656754
657021
657122
657210
657320
657331
657381
657537
657608
657749
657898
658029
658036
658046
658146
658150
658168
658213
658271
658448
658520
658765
658786
658807
658813
658895
658989
659036
659125
659371
659468
659685
659873
659874
660008
660075
660153
660175
660422
660452
660468
660499
660596
660618
660830
660928
660934
660975
661023
661035
661040
661085
661308
661354
661389
661411
661498
661525
661586
661697
661930
661975
662207
662461
662498
662742
662992
663048
663273
663330
663632
663661
663701
663756
663829
663975
664113
664214
664248
664658
664744
664954
664955
665017
665128
665180
665183
665362
665423
665545
665763
665969
665992
666044
666093
666269
666323
666427
666509
666689
666808
666918
667077
667187
667224
667249
667374
667439
667515
667873
668034
668364
668446
668481
668503
668527
668744
668791
668894
668991
669001
669171
669199
669560
669568
669642
669646
669939
669949
669959
670065
670090
670206
670267
670460
670547
670663
670861
671035
671121
671451
671570
671596
671788
671828
672111
672212
672253
672394
673267
673278
673281
673391
673455
673754
673759
673786
673845
673929
674021
674031
674050
674145
674382
674429
674667
674946
674989
675155
675403
675507
675547
675601
675967
676019
676315
676491
676567
676665
676740
676852
676902
677004
677061
677155
677182
677283
677294
677453
677659
677715
677852
677951
677958
678185
678265
678408
678550
678753
678907
678960
679004
679053
679124
679359
679396
679496
679505
679505
679519
679599
679630
679799
679961
680173
680218
680257
680347
680465
680752
680769
680825
680882
680897
680988
681056
681073
681245
681419
681576
681677
681702
681755
682103
682181
682275
682292
682372
682711
682797
682803
682830
683119
683421
683469
683499
683636
683701
683792
683799
683799
683981
684181
684227
684268
684644
684770
684916
685019
685061
685122
685316
685368
685659
685791
685916
685921
686181
686370
686376
686431
686448
686540
686627
686662
686695
686721
686797
686928
686942
686984
687208
687244
687246
687360
687412
687428
687452
687579
687796
687824
687931
688261
688381
688668
688958
688986
689052
689123
689184
689193
689321
689391
689585
689877
689920
689975
690275
690305
690313
690330
690396
690502
690508
690640
690757
690808
690853
690924
690925
691174
691369
691392
691453
691532
691540
691541
691602
691621
691648
691730
691872
691914
691973
692007
692037
692133
692143
692188
692336
692387
692498
692571
692601
692605
692636
692659
692707
692772
692864
692991
693076
693311
693353
693431
693553
693743
693818
693915
694148
694301
694348
694480
694566
694658
694970
695021
695033
695345
695364
695634
695711
695784
695821
695937
695963
695989
696013
696038
696099
696250
696772
696785
696822
696898
696960
696994
697030
697089
697282
697636
697696
697813
697875
697885
697953
698016
698118
698168
698309
698339
698414
698422
698525
698603
698762
698838
698943
699070
699097
699161
699179
699192
699216
699244
699282
699284
699307
699456
699633
699713
700098
700114
700132
700319
700617
700730
700825
700880
700896
700994
701003
701105
701186
701263
701335
701366
701374
701489
701514
701531
701567
701576
701661
701670
701673
701707
702266
702286
702490
702526
702618
702643
702758
702825
702883
702992
703013
703155
703169
703197
703258
703282
703404
703417
703717
703790
703890
704005
704060
704328
704425
704471
704571
704578
704627
704714
704923
704956
705208
705626
705633
705935
706042
706092
706099
706126
706177
706233
706285
706361
706511
706611
706672
706741
707020
707084
707132
707226
707255
707644
707992
708048
708058
708348
708421
708494
708522
708532
708773
708782
708821
708884
708920
708984
708985
709250
709294
709323
709389
709575
709757
710029
710039
710089
710261
710345
710465
710479
710675
710723
710888
710948
711059
711061
711071
711083
711137
711226
711309
711428
711455
711612
711769
711885
711991
712007
712085
712235
712283
712352
712439
712485
712501
712616
712719
712742
713306
713506
713529
713557
713633
713740
713845
713877
713898
714195
714303
714550
714651
714731
714784
714859
714902
714945
715122
715295
715553
715579
715684
715802
715858
715895
715922
715969
715991
716166
716655
716716
716805
716819
716855
716863
716905
717009
717053
717089
717124
717364
717466
717527
717556
717731
717748
718008
718230
718331
718334
718338
718470
718489
718578
718631
718688
718748
718786
719025
719034
719047
719098
719447
719456
719528
719553
719568
719817
719915
720036
720060
720099
720150
720315
720479
720540
720595
720679
720833
720876
721032
721374
721441
721463
721722
721875
721911
722144
722482
722838
722881
722952
723018
723376
723414
723591
723616
723644
723790
723935
723939
723941
723991
724031
724098
724148
724180
724277
724290
724368
724395
724411
724467
724562
725090
725095
725454
725539
725714
725771
725852
725977
726034
726090
726160
726222
726268
726307
726475
726496
726530
726562
726766
726770
726786
726827
727100
727188
727286
727313
727355
727428
727547
727626
727653
727676
727712
727742
727778
727780
727784
727932
727954
727956
728035
728090
728362
728456
728532
728628
728702
728915
728970
728970
728982
729066
729101
729153
729186
729216
729386
729524
729549
729705
729730
729743
729843
729874
729925
730021
730025
730202
730390
730393
730421
730532
730581
730598
730710
730735
730865
731019
731114
731229
731275
731475
731487
731632
731703
732176
732229
732314
732445
732467
732500
732570
732603
732614
732617
732642
732686
732689
732873
732958
733109
733137
733145
733236
733290
733372
733380
733398
733510
733557
733560
733591
733610
733718
733821
733979
734093
734290
734505
734512
734910
734973
735103
735293
735340
735477
735524
735566
735644
735655
735708
735848
735893
736087
736450
736503
736798
736814
736891
736906
737029
737454
737667
737743
737751
737804
737880
738103
738206
738375
738604
738745
738776
738897
738961
739081
739120
739179
739200
739271
739310
739433
739597
739639
739709
739774
739797
739801
739991
740059
740072
740182
740410
740493
740552
740590
740751
740975
740992
741036
741109
741131
741264
741409
741432
741451
741489
741513
741850
741890
741957
741960
742083
742105
742168
742225
742244
742277
742345
743005
743033
743104
743147
743282
743304
743390
743421
743433
743443
743452
743492
743603
743868
743935
743963
743972
744206
744363
744390
744407
744541
744654
744956
744971
745042
745188
745220
745237
745278
745433
745467
745519
745600
745634
745867
746018
746696
746758
746880
747031
747071
747176
747180
747229
747280
747451
747616
747812
747835
747937
748025
748048
748088
748126
748134
748206
748252
748362
748534
748744
748745
749001
749112
749180
749374
749429
749615
749750
749833
749889
749972
750027
750257
750297
750412
750537
750623
750662
750712
750760
750761
750785
750867
750875
751057
751064
751099
751114
751244
751445
751581
751587
751663
751839
751907
752191
752194
752201
752264
752330
752364
752406
752417
752485
752616
752702
752788
752888
752895
752926
752928
753017
753027
753029
753055
753112
753273
753329
753439
753558
753566
753599
753606
753805
754004
754095
754313
754531
754623
754702
754789
755272
755399
755541
755550
755579
755633
755683
755694
755821
755858
755953
756050
756096
756100
756213
756220
756365
756409
756693
756852
756947
756990
757084
757088
757148
757220
757335
757406
757435
757507
757575
757721
757731
757756
757887
758018
758030
758040
758070
758299
758320
758333
758552
758707
758734
758802
758876
758936
759006
759016
759194
759293
759415
759567
759667
759777
760056
760147
760147
760318
760498
760505
760509
760697
760874
761074
761080
761290
761420
761771
761877
762108
762110
762479
762594
762841
762841
763035
763239
763673
763707
763720
764091
764159
764375
764596
764611
764622
764641
764777
764821
764830
764832
765370
765436
765603
765606
765649
765674
765741
765857
765871
765877
766049
766067
766115
766179
766432
766458
766460
766768
767049
767113
767127
767248
767304
767338
767348
767353
767841
767924
767988
768114
768133
768172
768182
768227
768230
768395
768597
768740
769104
769127
769210
769223
769373
769450
769508
769659
769697
769734
770011
770026
770245
770369
770464
770512
770672
770697
770711
770899
771038
771177
771220
771344
771394
771672
771727
771923
771927
771982
772049
772153
772177
772196
772251
772252
772275
772323
772324
772356
772396
772408
772429
772431
772536
772579
772700
772753
772822
772825
773027
773212
773438
773521
773666
773676
773756
773853
773853
773865
773873
773882
774139
774251
774465
774542
774648
774827
774981
775308
775622
775652
775793
776115
776130
776387
776393
776431
776563
776574
776583
776823
776913
777165
777184
777245
777327
777615
777722
777723
777723
777861
777924
778107
778138
778269
778532
778587
778603
778657
778658
778665
778904
779134
779315
779663
779742
779850
779921
780096
780149
780447
780448
780534
780615
780708
780780
780917
780949
781009
781031
781079
781127
781443
781560
781561
781571
781694
781918
781944
782033
782901
783145
783189
783193
783209
783282
783328
783339
783345
783380
783417
783611
783687
783700
783704
784101
784261
784529
784621
784733
784748
784902
784996
785048
785224
785367
785368
785481
785643
785923
785969
786089
786204
786338
786426
786435
786449
786483
786666
786715
787269
787393
787498
787606
787630
787655
787832
787891
788099
788285
788302
788323
788701
788701
788831
788909
788956
789049
789052
789098
789107
789453
789770
789811
789836
789941
790179
790206
790209
790252
790290
790304
790379
790446
790623
790647
790739
790815
790959
791184
791227
791236
791240
791457
791519
791714
791842
791963
791985
792150
792449
792473
792608
792651
792859
792889
793062
793166
793324
793430
793462
793493
793613
793713
793988
794089
794152
794304
794374
794402
794414
794473
794578
794651
794767
794793
794881
794980
795149
795205
795324
795481
795802
795826
795862
795934
796188
796315
796446
796456
796473
796556
796565
796726
796867
796979
796990
797107
797116
797320
797354
797559
797583
797669
797685
797825
797835
797848
798057
798118
798127
798261
798438
798486
798602
798628
798694
798730
798743
798773
798834
799377
799480
799593
799730
799742
799780
799782
799852
799937
799948
799975
800043
800064
800121
800165
800216
800231
800322
800349
800391
800395
800578
800946
801168
801210
801230
801380
801527
801788
801873
801888
801965
802075
802122
802385
803189
803282
803299
803377
803383
803466
803631
803804
803913
803955
804318
804373
804455
804560
804605
804708
804769
804829
805023
805338
805622
805657
805660
805671
805753
805823
805848
805901
806033
806086
806139
806141
806180
806185
806300
806628
806635
806689
806693
806741
806754
806906
806922
806960
806987
807026
807083
807091
807152
807218
807292
807298
807305
807362
807385
807502
807505
807613
807639
807775
807816
807819
807872
808027
808087
808181
808426
808626
809008
809065
809072
809083
809287
809358
809430
809486
809679
810115
810229
810258
810327
810444
810528
810565
810576
810591
810622
810729
810861
811097
811124
811248
811288
811371
811450
811494
811629
811745
811851
812156
812172
812279
812409
812595
812630
812640
812838
812993
813053
813059
813294
813410
813535
813609
814045
814065
814183
814213
814345
814521
814525
814539
814613
814701
814724
814774
814863
814989
815012
815167
815254
815290
815377
815474
815521
815633
815883
815995
816034
816066
816119
816171
816475
816491
816570
816589
816616
816805
816909
817140
817182
817315
817327
817332
817340
817441
817619
817725
817788
817874
818047
818086
818423
818581
818702
818717
818830
818875
818876
819145
819221
819238
819612
819646
819980
820098
820159
820300
820378
820631
820664
820766
820961
821016
821082
821139
821433
821587
821913
822147
822240
822392
822436
822437
822785
822795
822817
822830
823027
823122
823123
823340
823387
823704
823713
823734
823775
823942
824055
824071
824113
824285
824350
824431
824455
824469
824470
824639
825171
825176
825244
825326
825391
825731
825750
825771
825857
826003
826034
826075
826115
826249
826271
826297
826298
826334
826518
826703
826816
826989
827054
827099
827154
827219
827374
827378
827643
827647
827796
827931
828213
828259
828279
828292
828311
828454
828501
828581
828588
828718
828932
829005
829023
829085
829311
829373
829375
829542
829608
829767
829784
829802
829867
829875
829931
829936
829942
830201
830508
830515
830552
830616
830726
830749
830951
831005
831668
831705
831753
831819
831944
832209
832229
832294
832332
832612
832641
832709
832721
832770
832811
832970
832995
833433
833692
833742
833777
833906
834058
834067
834119
834306
834380
834646
834757
834803
834830
835245
835295
835333
835400
835493
835521
835572
835593
835606
835643
835771
836045
836052
836215
836272
836291
836414
836487
836548
836718
836914
836993
837109
837136
837155
837159
837365
837424
837444
837561
837583
837649
837785
837940
838081
838186
838216
838225
838236
838355
838389
838552
838742
838794
839028
839192
839211
839223
839225
839235
839440
839458
839587
839606
839697
839751
839770
839994
840083
840120
840225
840272
840282
840819
840900
841053
841163
841185
841284
841291
841316
841361
841378
841430
841446
841481
841598
841616
841890
841941
842029
842033
842159
842249
842274
842295
842332
842339
842422
842470
842691
842695
842721
842723
842749
843068
843206
843291
843383
843623
843676
843685
843867
843879
844038
844121
844374
844539
844688
844844
845003
845071
845320
845349
845389
845498
845543
845635
845681
845692
845779
845779
845784
845798
845962
846090
846138
846138
846227
846331
846465
846494
846552
846585
846733
846741
846837
846970
846987
847151
847220
847265
847306
847329
847334
847483
847516
847592
847606
847616
847913
847994
848069
848076
848282
848369
848390
848485
848770
848893
849043
849142
849151
849211
849259
849271
849314
849426
849529
849643
849647
849658
849751
849869
849971
850082
850132
850185
850400
850433
850465
850560
850604
850676
850787
850813
851029
851209
851278
851287
851340
851349
851517
851546
851615
851661
851667
851709
851864
851869
851921
851924
851998
852028
852112
852255
852266
852555
852628
852819
852837
852872
853034
853048
853087
853198
853213
853273
853492
853625
853732
853830
854097
854124
854251
854363
854510
854561
854630
854664
854886
855057
855084
855168
855335
855552
855567
855570
855663
855675
856103
856111
856307
856590
856628
856676
857049
857159
857206
857270
857297
857513
857537
857665
857772
857916
857975
857976
858145
858227
858289
858327
858425
858430
858456
858578
858634
858722
858748
858894
858901
858936
859080
859119
859433
859547
859665
859702
859911
859960
860061
860335
860434
860474
860519
860692
860744
860833
861073
861109
861173
861371
861530
861659
861830
861887
861926
862033
862043
862057
862084
862196
862467
862591
862596
862825
862876
862996
863061
863144
863204
863221
863396
863548
863583
863584
863589
863698
863849
863889
863937
864060
864148
864267
864281
864630
864673
864739
864918
864924
865006
865114
865407
865442
865504
865781
865817
865825
866033
866113
866205
866236
866306
866405
866432
866480
866595
866624
866627
867039
867226
867251
867445
867584
867611
867741
867761
867763
867810
867891
867998
868126
868172
868372
868373
868417
868477
868637
868709
868745
868814
868844
868952
869023
869071
869156
869337
869436
869534
869561
869680
869700
870022
870103
870135
870360
870611
870703
870743
871007
871215
871306
871338
871393
871429
871581
871638
871758
871831
872084
872107
872158
872378
872500
872571
872649
872789
872801
872820
873023
873056
873127
873145
873149
873162
873342
873404
873419
873641
873725
873956
873966
873992
874186
874326
874482
874561
874606
874644
874686
874772
874773
874849
874864
874872
874928
875296
875644
875666
875692
875700
875727
875743
875749
876023
876178
876444
876501
876683
876733
876788
876955
876966
877108
877195
877323
877384
877620
877642
877750
877793
877803
877810
877835
877991
878047
878077
878142
878273
878290
878334
878584
878622
878707
878962
879088
879328
879419
879478
879680
879749
879753
879780
879914
879935
880032
880119
880164
880279
880305
880487
880513
880732
880810
881377
881479
881590
881681
881758
881802
881817
881843
881914
882027
882188
882227
882239
882291
882442
882681
882799
882866
882883
882925
882964
883256
883320
883328
883413
883445
883553
883589
883624
883648
883682
883913
883990
884314
884580
884679
884706
884985
885117
885190
885405
885415
885464
885545
885558
885560
885805
885918
885958
886063
886067
886072
886111
886167
886317
886332
886357
886389
886515
886639
886646
886741
887163
887224
887239
887776
887777
887825
887851
887889
888003
888028
888046
888173
888293
888487
888542
888812
889077
889095
889154
889168
889336
889401
889555
889557
889576
889906
889993
890012
890105
890188
890248
890259
890262
890298
890333
890493
891318
891417
891476
891514
891588
891639
891719
892067
892114
892354
892400
892518
892529
892567
892599
892862
892896
893001
893025
893114
893167
893194
893230
893240
893502
893719
893846
893937
893988
894131
894184
894324
894523
894775
894808
894941
895092
895353
895461
895680
895697
895704
895720
895807
896127
896164
896442
896758
896777
896780
896835
897069
897082
897178
897204
897341
897439
897455
897480
897533
897613
897690
897790
897872
897909
898053
898061
898111
898324
898391
898524
898543
898631
898660
898672
898829
899115
899199
899391
899538
899655
899724
900166
900524
900547
900586
900596
900633
900681
900746
900764
900817
900829
900894
901022
901028
901093
901217
901225
901330
901411
901709
901746
901759
901760
902457
902532
902956
903081
903113
903117
903534
903630
903781
903783
903789
903791
903915
903928
903934
904017
904029
904061
904124
904250
904303
904348
904796
904864
905120
905330
905464
905597
905671
905696
905707
905736
906009
906096
906147
906225
906259
906335
906568
906636
906684
906812
907017
907266
907638
907775
907801
907957
908361
908494
908505
908667
908885
908995
909315
909355
909591
909808
910014
910061
910253
910551
910819
910837
910971
910991
911062
911063
911084
911121
911267
911355
911507
911531
911564
911692
911763
911822
911847
911890
912071
912104
912226
912323
912445
912467
912500
912506
912697
912758
912818
912932
912995
913001
913272
913495
913543
913611
913626
913703
913746
913779
913958
914147
914158
914395
914495
914726
915047
915224
915382
915508
915525
915559
915635
915646
915688
915847
915902
915923
916182
916247
916531
916613
916768
916849
916962
916994
917172
917306
917344
917380
917465
917597
917601
917697
917869
917872
917880
917886
917916
917993
918041
918130
918152
918281
918409
918433
918487
918669
918673
918684
918703
919015
919124
919175
919443
919506
919691
920138
920164
920490
920630
920646
920713
920814
920820
920949
920962
921018
921052
921181
921194
921282
921484
921486
921633
921655
921759
921790
921833
921976
922164
922169
922180
922540
922638
922711
922759
922853
923147
923213
923282
923294
923567
923599
923642
923738
924011
924038
924080
924129
924473
924660
924768
924796
924849
924858
924894
925220
925321
925350
925422
925594
925691
925736
925791
925830
925837
925877
926007
926211
926353
926412
926463
926552
926666
926732
926888
926918
927061
927182
927422
927557
927613
927668
927800
927813
927853
927871
927878
927896
928025
928043
928207
928227
928297
928483
928800
928941
929004
929066
929113
929133
929230
929293
929352
929473
929516
929582
929595
929826
929909
929916
930059
930213
930267
930394
930411
930601
930680
930706
930751
930802
930806
931066
931565
931629
931768
931972
932046
932111
932196
932302
932367
932387
932414
932481
932497
932793
932860
932961
932989
933025
933032
933054
933226
933346
933432
933455
933626
933638
933756
933794
933867
933949
933952
934046
934156
934372
934399
934433
934612
934667
934729
934754
934885
935012
935242
935455
935734
935810
935877
935969
936091
936123
936196
936307
936354
936475
936698
936706
936726
936750
936883
936902
936945
936966
937087
937124
937492
937610
937872
938054
938142
938240
938240
938303
938311
938372
938551
938797
938857
938990
939044
939118
939491
939604
939730
939944
940250
940265
940316
940508
940758
940883
940909
940964
941071
941173
941212
941409
941524
941623
942003
942052
942517
942637
942638
942662
942698
942736
942927
942934
943102
943151
943322
943437
943450
943495
943567
943585
943941
943945
943966
944086
944448
944594
944662
944909
944945
944980
945184
945220
945346
945553
945577
945664
945851
945985
945997
946079
946194
946197
946510
946542
946573
946662
946683
946712
946767
946808
947065
947187
947227
947482
947507
947702
948393
948419
948579
948951
949387
949554
949611
949616
949723
949837
949905
949986
950025
950239
950437
950506
950538
950638
950806
950881
951005
951060
951136
951233
951366
951459
951512
951586
951647
951724
951743
951849
951879
952053
952062
952130
952187
952215
952243
952332
952526
952595
952598
952807
952888
952990
952992
953180
953234
953293
953322
953460
953463
953493
953713
953817
953844
954104
954202
954223
954247
954373
954380
954385
954424
954452
954684
954761
954798
954809
954824
955010
955062
955135
955292
955298
955319
955345
955467
955490
955528
955691
955897
955944
956022
956055
956158
956170
956235
956297
956588
956595
956746
956926
957015
957612
957617
957627
957732
957768
957821
958063
958109
958193
958207
958714
958766
958853
958911
959128
959185
959210
959231
959295
959300
959383
959407
959766
959804
959943
960008
960106
960133
960436
960448
960478
960575
960860
961220
961260
961413
961671
961699
961743
962042
962277
962435
962442
962674
962697
962848
962971
963138
963139
963454
963775
963958
964113
964175
964234
964462
964566
964602
964632
964901
964963
965025
965086
965291
965459
965511
965737
965826
966003
966004
966008
966382
966565
966570
966691
966796
966876
966884
966920
967154
967181
967230
967518
967595
967641
967803
967949
968050
968088
968126
968146
968233
968674
968797
968844
968913
968921
968925
969226
969461
969505
969678
970021
970253
970288
970336
970434
970582
970621
970630
970644
970952
971031
971069
971132
971225
971367
971550
971725
972020
972949
972955
973146
973153
973217
973483
973485
973653
973751
973815
973847
974034
974226
974294
974295
974308
974440
974770
974866
974912
975026
975048
975236
975256
975273
975293
975555
975609
975679
975702
975724
975728
975771
975837
975859
975950
975953
976002
976343
976448
976507
976762
976787
976830
977096
977352
977386
977456
977457
977527
977554
977573
977699
977789
977875
977897
978560
978744
978789
978978
979322
979388
979429
979442
979442
979540
979579
979623
979705
979750
979829
979939
980012
980172
980222
980352
980415
980447
980462
980850
980915
980922
981205
981211
981345
981400
981547
981549
981766
981780
981814
981887
982122
982183
982190
982480
982492
982512
982556
982697
982719
982916
982958
982967
982973
983075
983121
983173
983320
983382
983450
983478
983686
983813
983936
983962
983978
984190
984236
984431
984891
984904
984958
985194
985200
985266
985323
985494
985610
985614
985640
985745
985764
985819
985892
986172
986199
986240
986383
986477
986588
986710
986884
987043
987047
987116
987211
987267
987388
987420
987577
987790
987803
987956
987974
988027
988356
988422
988458
988565
988587
988714
988742
988857
988865
989040
989081
989127
989313
989377
989463
989530
989584
989586
989643
989710
989794
989887
989913
989956
990106
990148
990758
990855
991018
991032
991094
991094
991163
991326
991370
991385
991824
991877
992054
992222
992251
992336
992595
992607
992612
992855
993027
993068
993090
993109
993218
993285
993421
993540
993578
993782
993909
993959
994158
994239
994348
994542
994613
994847
994862
994886
994976
995155
995305
995583
995641
995736
995737
995844
995870
995906
995932
995934
995939
996173
996296
996304
996580
996664
996756
996781
996863
996869
996925
996965
997400
997413
997436
997542
997563
997581
997681
997715
997757
997868
998157
998209
998210
998323
998413
998431
998471
998483
998509
998511
998666
998670
998703
998831
999008
999118
999131
999141
999401
999572
999666
999915
999924
999949